115.065 -0.000286640
116.204 -0.00104262
117.343 -0.00220599
118.483 -0.000687530
119.622 0.00221292
120.761 0.00263056
121.900 0.00730872
123.040 0.0206148
124.179 0.0952558
125.318 0.293727
126.457 0.452108
127.597 0.470587
128.736 0.492949
129.875 0.554776
131.014 0.583091
132.154 0.515480
133.293 0.426644
134.432 0.421194
135.571 0.433352
136.711 0.423859
137.850 0.455519
138.989 0.522988
140.128 0.545549
141.268 0.507254
142.407 0.500229
143.546 0.564120
144.685 0.593207
145.825 0.571474
146.964 0.633817
148.103 0.772333
149.242 0.841715
150.382 0.863208
151.521 0.917887
152.660 0.951430
153.799 0.969839
154.939 1.00000
156.078 0.958692
157.217 0.859834
158.356 0.835336
159.496 0.882828
160.635 0.877237
161.774 0.813600
162.913 0.791405
164.053 0.825904
165.192 0.843971
166.331 0.815963
167.470 0.789454
168.610 0.793951
169.749 0.784998
170.888 0.720247
172.027 0.650989
173.167 0.595923
174.306 0.499470
175.445 0.385945
176.585 0.293450
177.724 0.199881
178.863 0.116488
180.002 0.0760694
181.142 0.0578427
182.281 0.0375123
183.420 0.0236993
184.559 0.0184789
185.699 0.0148151
186.838 0.0114649
187.977 0.00985034
189.116 0.00817113
190.256 0.00598758
191.395 0.00442719
192.534 0.00361117
193.673 0.00299815
194.813 0.00252593
