190.256 0.0153784
191.395 0.0291609
192.534 0.0652152
193.673 0.259510
194.813 0.685393
195.952 0.944629
197.091 0.876055
198.230 0.848626
199.370 0.936802
200.509 0.984070
201.648 0.936108
202.787 0.804019
203.927 0.695759
205.066 0.705564
206.205 0.771064
207.344 0.799407
208.484 0.835285
209.623 0.903348
210.762 0.889748
211.901 0.808030
213.041 0.817650
214.180 0.891332
215.319 0.884006
216.458 0.833405
217.598 0.845370
218.737 0.895321
219.876 0.913439
221.015 0.889579
222.155 0.842175
223.294 0.802306
224.433 0.806760
225.572 0.816332
226.712 0.786054
227.851 0.776812
228.990 0.841905
230.130 0.900529
231.269 0.887346
232.408 0.890812
233.547 0.963809
234.687 1.00000
235.826 0.946310
236.965 0.898603
238.104 0.894136
239.244 0.870749
240.383 0.809829
241.522 0.746048
242.661 0.676397
243.801 0.556045
244.940 0.404942
246.079 0.285034
247.218 0.201630
248.358 0.131547
249.497 0.0758929
250.636 0.0459696
251.775 0.0310140
252.915 0.0193085
254.054 0.0136905
255.193 0.00982464
256.332 0.00686323
257.472 0.00400771
258.611 -0.00207033
259.750 -0.00192057
