7.518810120673404640e+01 1.053189637436879877e-02
7.590182062523317086e+01 -1.490567978603873911e-02
7.643694245760562467e+01 -3.588342116507625690e-02
7.672752634559267904e+01 -1.953069363338566511e-02
7.701801289603280054e+01 -4.280313820443470973e-03
7.730962798559016846e+01 2.683200398803498032e-02
7.759877075385847434e+01 5.599570336609227539e-02
7.778274710190882502e+01 8.023746221652494626e-02
7.802056120087125635e+01 1.226884821725298114e-01
7.843768756801182462e+01 1.687734415800217214e-01
7.877185247579032534e+01 2.108941034040734408e-01
7.906462416597574361e+01 2.520236908322650571e-01
7.935765839242495190e+01 2.961265014480367608e-01
7.956764364742417683e+01 3.352739400845082818e-01
7.977828524308290525e+01 3.818544366899301323e-01
7.994709606070885854e+01 4.224884869201916970e-01
8.015734385197188772e+01 4.646091487442433055e-01
8.029877797142228246e+01 5.070601687002483926e-01
8.049562182788331199e+01 5.533103071737168754e-01
8.066469518177308373e+01 5.969175805915585276e-01
8.087507424116800792e+01 6.405248540094002907e-01
8.108804722173225343e+01 6.812953995157383646e-01
8.150218586330778692e+01 7.257572520533636107e-01
8.245510498882831030e+01 7.584627071167449053e-01
8.307845359118689998e+01 8.010789061387265653e-01
8.353657937152486568e+01 8.436951051607082253e-01
8.415978795454276451e+01 8.847255851493138756e-01
8.459048901859542013e+01 8.940677966101693297e-01
8.548066040499335827e+01 8.744184114323694246e-01
8.700978099549767819e+01 8.835858495940748236e-01
8.783922056494239428e+01 9.212466766367563009e-01
8.856830171736444868e+01 9.427966101694913448e-01
8.896364006372556332e+01 9.284067440535536120e-01
8.948856088624695815e+01 8.885412215733750063e-01
8.997781882985543689e+01 8.481549399420784674e-01
9.039757134567074104e+01 8.273423776290176335e-01
9.113547274711133639e+01 8.283334520248777366e-01
9.173379472640628762e+01 8.298200636186676693e-01
9.270390814312030159e+01 8.149539476807671212e-01
9.373392541811126932e+01 7.852217158049659140e-01
9.455499526858298509e+01 7.603083606323884913e-01
9.505215500350624325e+01 7.449840953330484350e-01
9.556770126391559472e+01 7.362065588947444006e-01
9.620690763303487358e+01 7.245184090585385928e-01
9.728652491664777813e+01 7.088872272072671565e-01
9.806453401629792666e+01 7.117170314453464819e-01
9.947114497636771091e+01 7.368242494738007631e-01
1.010839431668203474e+02 7.580662773584009306e-01
1.022846002620751165e+02 7.896815505863361562e-01
1.032791532634305582e+02 8.261035346341925045e-01
1.039849747159935873e+02 8.671505325293958899e-01
1.044842311776608170e+02 9.077845827596574546e-01
1.051485821102863980e+02 9.469650572093243346e-01
1.056991057731881654e+02 9.491525423728812694e-01
1.063031465888259675e+02 9.243685609837153372e-01
1.071079806936805312e+02 9.046610169491524633e-01
1.076651059645618886e+02 9.115837012771209613e-01
1.083706721735350982e+02 9.497400655177323792e-01
1.088289292220049589e+02 9.938428761335041939e-01
1.092042539818087334e+02 1.034311747297789186e+00
1.095944176301118773e+02 1.063559322033898136e+00
1.101264336916717639e+02 1.057828894269572162e+00
1.106072186048812398e+02 1.018124198832075056e+00
1.109753382027783886e+02 9.769946114038834395e-01
1.114673311611470581e+02 9.353694867777618827e-01
1.120006444103688636e+02 8.939095412176168987e-01
1.123686181547861338e+02 8.511281631296585548e-01
1.126537325372772500e+02 8.055387409200966964e-01
1.128130482933623142e+02 7.386412191995441745e-01
1.128154111197365523e+02 7.654002278877651833e-01
1.129214757703133500e+02 7.191500894142967004e-01
1.129745956076896931e+02 6.970160945734225066e-01
1.131173497011331222e+02 6.764513008593266985e-01
1.132173833103164213e+02 6.398641377454936663e-01
1.132988278934876121e+02 6.266498124673597347e-01
1.133788431125558702e+02 5.972479387235118953e-01
1.134536876074184590e+02 5.737133836585481816e-01
1.135605327924562289e+02 5.498415467882067365e-01
1.136590711414584121e+02 5.285334472772158509e-01
1.137452710720985323e+02 5.047476617765749296e-01
1.138641559815455366e+02 4.799708018800740161e-01
1.139060006462269854e+02 4.538616293975217264e-01
1.140065881929529326e+02 4.235478089540899438e-01
1.141049232204574082e+02 3.677242083273989381e-01
1.141051642717175838e+02 4.026669990029909663e-01
1.143053919289120870e+02 3.313096425010680912e-01
1.145082449487446326e+02 2.896845178749465344e-01
1.147937531356314764e+02 2.485549304467549181e-01
1.152441924375791586e+02 2.041217616990298467e-01
1.157774765161049970e+02 1.623314580069314950e-01
1.163110231308946396e+02 1.235143775024132307e-01
1.170923018812793117e+02 8.354104353605840139e-02
1.184118091431581377e+02 5.777310924369727374e-02
1.201869043348248027e+02 4.588021649337692409e-02
1.213405061803970852e+02 1.238190191330756917e-02
1.223525777654946012e+02 4.904928072923420146e-03
1.230754158212841674e+02 1.317476142999551847e-02
1.242936059633566401e+02 9.458232445520353693e-03
1.247268914375343343e+02 4.651521625599341903e-03
